286	2	1
181	3	1
825	7	1
898	7	1
288	8	1
496	10	1
718	10	1
995	19	1
502	24	1
598	26	1
486	27	1
709	27	1
797	27	1
660	31	1
950	31	1
389	32	1
107	39	1
120	41	1
991	41	1
578	42	1
499	52	1
433	53	1
846	53	1
532	55	1
984	55	1
958	58	1
603	63	1
338	68	1
725	71	1
831	72	1
631	74	1
904	80	1
171	81	1
878	83	1
955	86	1
845	87	1
265	90	1
642	96	1
639	99	1
806	99	1
985	99	1
563	101	1
960	101	1
585	103	1
72	104	1
627	106	1
30	110	1
645	111	1
680	111	1
859	111	1
838	116	1
537	121	1
436	135	1
742	139	1
517	140	1
574	147	1
308	155	1
551	159	1
518	162	1
364	163	1
434	166	1
605	166	1
593	167	1
857	170	1
584	174	1
175	177	1
419	177	1
146	179	1
378	182	1
53	185	1
221	185	1
353	194	1
172	198	1
471	201	1
389	205	1
770	210	1
376	211	1
464	212	1
465	212	1
782	212	1
784	212	1
948	213	1
800	215	1
866	215	1
941	215	1
954	215	1
976	215	1
736	216	1
646	219	1
842	219	1
894	219	1
895	219	1
474	220	1
577	220	1
674	222	1
719	222	1
684	223	1
928	224	1
984	224	1
531	225	1
834	225	1
369	226	1
490	227	1
565	227	1
627	227	1
646	227	1
628	228	1
959	230	1
748	231	1
655	232	1
944	232	1
606	233	1
672	236	1
753	236	1
684	238	1
603	243	1
846	245	1
973	245	1
460	250	1
888	250	1
620	251	1
821	251	1
824	252	1
886	252	1
969	252	1
987	252	1
606	253	1
822	253	1
965	256	1
954	257	1
723	259	1
681	262	1
636	264	1
740	264	1
840	264	1
649	265	1
817	267	1
951	267	1
972	268	1
649	274	1
563	280	1
713	281	1
982	285	1
631	286	1
520	293	1
953	294	1
99	300	1
347	300	1
870	305	1
967	305	1
10	308	1
530	309	1
71	313	1
607	318	1
328	319	1
432	319	1
610	324	1
739	324	1
872	324	1
434	325	1
586	325	1
720	325	1
173	334	1
607	337	1
58	339	1
935	352	1
412	353	1
589	353	1
11	360	1
927	362	1
698	364	1
536	365	1
664	366	1
777	366	1
836	366	1
851	366	1
648	368	1
674	368	1
153	370	1
960	370	1
891	371	1
894	372	1
895	372	1
403	373	1
591	373	1
822	373	1
131	374	1
855	375	1
31	376	1
152	376	1
153	376	1
560	378	1
568	378	1
906	378	1
940	378	1
664	380	1
950	380	1
705	381	1
60	388	1
356	388	1
636	390	1
1000	392	1
659	401	1
757	401	1
822	401	1
867	401	1
362	403	1
511	404	1
512	404	1
806	404	1
303	408	1
651	408	1
869	416	1
699	417	1
110	425	1
732	425	1
949	425	1
572	427	1
27	434	1
441	435	1
525	435	1
288	436	1
547	437	1
562	437	1
697	438	1
755	444	1
980	447	1
645	451	1
876	457	1
899	457	1
431	462	1
367	469	1
315	471	1
135	472	1
27	478	1
542	485	1
808	485	1
700	486	1
823	487	1
364	488	1
65	490	1
85	490	1
393	490	1
447	490	1
943	493	1
418	499	1
520	507	1
804	507	1
551	508	1
42	511	1
493	513	1
494	513	1
105	527	1
418	527	1
279	535	1
297	545	1
581	546	1
395	547	1
440	548	1
562	550	1
470	551	1
497	551	1
755	551	1
667	554	1
597	555	1
723	555	1
837	557	1
944	560	1
699	561	1
780	561	1
798	561	1
867	561	1
930	561	1
945	561	1
524	565	1
901	565	1
159	566	1
650	568	1
717	570	1
592	572	1
843	572	1
473	574	1
558	574	1
303	575	1
484	576	1
602	577	1
758	577	1
764	578	1
689	580	1
704	580	1
757	581	1
661	583	1
673	585	1
838	585	1
403	586	1
571	587	1
891	588	1
553	595	1
885	596	1
835	598	1
625	601	1
968	601	1
781	602	1
742	607	1
909	607	1
711	610	1
845	611	1
711	612	1
957	614	1
833	615	1
594	618	1
625	620	1
700	621	1
747	623	1
909	623	1
631	625	1
858	631	1
912	631	1
866	633	1
662	634	1
794	636	1
534	637	1
504	640	1
91	649	1
913	652	1
936	654	1
241	655	1
618	655	1
695	655	1
849	655	1
961	655	1
209	661	1
25	666	1
488	666	1
772	666	1
924	666	1
945	666	1
644	668	1
96	677	1
305	677	1
8	683	1
96	683	1
952	685	1
504	689	1
9	691	1
173	691	1
428	700	1
484	712	1
783	712	1
973	712	1
657	714	1
837	714	1
435	715	1
652	715	1
705	715	1
716	715	1
745	715	1
831	715	1
954	715	1
40	716	1
115	717	1
120	720	1
664	723	1
832	723	1
932	723	1
933	723	1
433	726	1
604	726	1
60	729	1
346	730	1
993	731	1
574	739	1
668	741	1
16	747	1
707	751	1
884	755	1
354	760	1
832	761	1
49	767	1
138	768	1
545	768	1
527	769	1
49	771	1
108	771	1
400	771	1
399	775	1
717	783	1
876	783	1
996	783	1
304	790	1
937	792	1
299	795	1
746	796	1
477	803	1
23	807	1
162	827	1
116	842	1
673	849	1
818	850	1
432	851	1
924	851	1
725	853	1
761	853	1
801	853	1
414	859	1
798	860	1
469	861	1
497	861	1
783	861	1
806	861	1
819	861	1
897	862	1
908	862	1
948	867	1
540	868	1
604	868	1
753	870	1
738	871	1
797	871	1
891	871	1
759	872	1
461	877	1
702	877	1
835	877	1
991	877	1
963	878	1
994	878	1
356	880	1
479	881	1
78	882	1
160	883	1
727	883	1
4	884	1
600	885	1
659	887	1
833	889	1
78	891	1
556	899	1
848	899	1
885	899	1
998	899	1
291	900	1
565	901	1
177	902	1
789	904	1
507	906	1
863	906	1
973	906	1
469	907	1
553	907	1
871	913	1
955	917	1
885	919	1
692	920	1
827	921	1
971	921	1
45	926	1
36	932	1
821	932	1
324	933	1
3	934	1
555	935	1
663	941	1
749	941	1
527	945	1
815	946	1
912	947	1
946	947	1
671	948	1
794	949	1
947	949	1
444	950	1
516	950	1
528	950	1
679	950	1
31	953	1
152	953	1
130	955	1
485	958	1
502	959	1
177	961	1
579	962	1
580	962	1
413	965	1
292	973	1
142	995	1
124	996	1
